SEND 10982 0 512 5120 SYN
RECV 10982 10983 512 5120 ACK SYN
SEND 10983 10983 512 5120 ACK
RECV 10983 11495 512 5120 ACK
SEND 11495 0 1024 5120 
SEND 12007 0 1024 5120 
RECV 10983 12007 1024 5120 ACK
RECV 10983 12519 1536 5120 ACK
SEND 12519 0 2048 5120 
SEND 13031 0 2048 5120 
SEND 13543 0 2048 5120 
SEND 14055 0 2048 5120 
RECV 10983 13031 2048 5120 ACK
RECV 10983 13543 2560 5120 ACK
RECV 10983 14055 3072 5120 ACK
RECV 10983 14567 3584 5120 ACK
SEND 14567 0 4096 5120 
SEND 15079 0 4096 5120 
SEND 15591 0 4096 5120 
SEND 16103 0 4096 5120 
SEND 16615 0 4096 5120 
SEND 17127 0 4096 5120 
SEND 17639 0 4096 5120 
SEND 18151 0 4096 5120 
RECV 10983 15079 4096 5120 ACK
RECV 10983 15079 4608 5120 ACK
RECV 10983 15079 4608 5120 ACK
RECV 10983 15079 4608 5120 ACK
RECV 10983 15079 4608 5120 ACK
SEND 15079 0 512 2304  DUP
SEND 15079 0 512 1024  DUP
RECV 10983 15591 512 1024 ACK
SEND 15591 0 512 1024  DUP
RECV 10983 16103 512 1024 ACK
SEND 16103 0 512 1024  DUP
RECV 10983 16615 512 1024 ACK
SEND 16615 0 512 1024  DUP
SEND 16615 0 512 1024  DUP
RECV 10983 17127 512 1024 ACK
SEND 17127 0 512 1024  DUP
RECV 10983 17639 512 1024 ACK
SEND 17639 0 512 1024  DUP
RECV 10983 18151 512 1024 ACK
SEND 18151 0 512 1024  DUP
RECV 10983 18663 512 1024 ACK
SEND 18663 0 1024 1024 
SEND 19175 0 1024 1024 
RECV 10983 19175 1024 1024 ACK
RECV 10983 19687 1280 1024 ACK
SEND 19687 0 1484 1024 
SEND 20199 0 1484 1024 
RECV 10983 20199 1484 1024 ACK
RECV 10983 20711 1660 1024 ACK
SEND 20711 0 1817 1024 
SEND 21223 0 1817 1024 
SEND 21735 0 1817 1024 
RECV 10983 21223 1817 1024 ACK
SEND 21223 0 512 1024  DUP
RECV 10983 21735 512 1024 ACK
SEND 21735 0 512 1024  DUP
RECV 10983 22247 512 1024 ACK
SEND 22247 0 1024 1024 
SEND 22759 0 1024 1024 
RECV 10983 22759 1024 1024 ACK
RECV 10983 23271 1280 1024 ACK
SEND 23271 0 1484 1024 
SEND 23783 0 1484 1024 
RECV 10983 23783 1484 1024 ACK
SEND 23783 0 512 1024  DUP
RECV 10983 24295 512 1024 ACK
SEND 24295 0 1024 1024 
SEND 24807 0 1024 1024 
RECV 10983 24807 1024 1024 ACK
RECV 10983 25319 1280 1024 ACK
SEND 25319 0 1484 1024 
SEND 231 0 1484 1024 
RECV 10983 231 1484 1024 ACK
RECV 10983 743 1660 1024 ACK
SEND 743 0 1817 1024 
SEND 1255 0 1817 1024 
SEND 1767 0 1817 1024 
RECV 10983 1255 1817 1024 ACK
RECV 10983 1767 1961 1024 ACK
RECV 10983 2279 2094 1024 ACK
SEND 2279 0 2219 1024 
SEND 2791 0 2219 1024 
SEND 3303 0 2219 1024 
SEND 3815 0 2219 1024 
RECV 10983 2791 2219 1024 ACK
RECV 10983 3303 2337 1024 ACK
RECV 10983 3303 2449 1024 ACK
SEND 3303 0 512 1224  DUP
RECV 10983 3815 512 1224 ACK
SEND 3815 0 512 1024  DUP
RECV 10983 4327 512 1024 ACK
SEND 4327 0 1024 1024 
SEND 4839 0 1024 1024 
RECV 10983 4839 1024 1024 ACK
SEND 4839 0 512 1024  DUP
SEND 4839 0 512 1024  DUP
SEND 4839 0 512 1024  DUP
RECV 10983 5351 512 1024 ACK
SEND 5351 0 1024 1024 
SEND 5863 0 1024 1024 
RECV 10983 5863 1024 1024 ACK
RECV 10983 6375 1280 1024 ACK
SEND 6375 0 1484 1024 
SEND 6887 0 1484 1024 
RECV 10983 6887 1484 1024 ACK
RECV 10983 7399 1660 1024 ACK
SEND 7399 0 1817 1024 
SEND 7911 0 1817 1024 
SEND 8423 0 1817 1024 
RECV 10983 7911 1817 1024 ACK
RECV 10983 8423 1961 1024 ACK
RECV 10983 8935 2094 1024 ACK
SEND 8935 0 2219 1024 
SEND 9447 0 2219 1024 
SEND 9959 0 2219 1024 
SEND 10471 0 2219 1024 
RECV 10983 9959 2219 1024 ACK
RECV 10983 10471 2337 1024 ACK
RECV 10983 10983 2449 1024 ACK
SEND 10983 0 2556 1024 
SEND 11495 0 2556 1024 
SEND 12007 0 2556 1024 
SEND 12519 0 2556 1024 
RECV 10983 11495 2556 1024 ACK
RECV 10983 12007 2658 1024 ACK
RECV 10983 12007 2756 1024 ACK
SEND 12007 0 512 1378  DUP
RECV 10983 12519 512 1378 ACK
SEND 12519 0 512 1024  DUP
SEND 12519 0 512 1024  DUP
RECV 10983 13031 512 1024 ACK
SEND 13031 0 1024 1024 
SEND 13543 0 1024 1024 
RECV 10983 13543 1024 1024 ACK
RECV 10983 14055 1280 1024 ACK
SEND 14055 0 1484 1024 
SEND 14567 0 1484 1024 
SEND 14055 0 512 1024  DUP
RECV 10983 14567 512 1024 ACK
SEND 14567 0 512 1024  DUP
SEND 14567 0 512 1024  DUP
RECV 10983 15079 512 1024 ACK
SEND 15079 0 1024 1024 
SEND 15591 0 1024 1024 
RECV 10983 16103 1024 1024 ACK
SEND 16103 0 1280 1024 
SEND 16615 0 1280 1024 
RECV 10983 16615 1280 1024 ACK
RECV 10983 17127 1484 1024 ACK
SEND 17127 0 1660 1024 
SEND 17639 0 1660 1024 
SEND 18151 0 1660 1024 
RECV 10983 17639 1660 1024 ACK
RECV 10983 18151 1817 1024 ACK
RECV 10983 18663 1961 1024 ACK
SEND 18663 0 2094 1024 
SEND 19175 0 2094 1024 
SEND 19687 0 2094 1024 
SEND 20199 0 2094 1024 
RECV 10983 19175 2094 1024 ACK
RECV 10983 19175 2219 1024 ACK
SEND 19175 0 512 1109  DUP
RECV 10983 19687 512 1109 ACK
SEND 19687 0 512 1024  DUP
RECV 10983 20199 512 1024 ACK
SEND 20199 0 512 1024  DUP
RECV 10983 20711 512 1024 ACK
SEND 20711 0 1024 1024 
SEND 21223 0 1024 1024 
RECV 10983 21223 1024 1024 ACK
SEND 21223 0 512 1024  DUP
RECV 10983 21735 512 1024 ACK
SEND 21735 0 1024 1024 
SEND 22247 0 1024 1024 
RECV 10983 22247 1024 1024 ACK
RECV 10983 22759 1280 1024 ACK
SEND 22759 0 1484 1024 
SEND 23271 0 1484 1024 
RECV 10983 23271 1484 1024 ACK
RECV 10983 23783 1660 1024 ACK
SEND 23783 0 1817 1024 
SEND 24295 0 1817 1024 
SEND 24807 0 1817 1024 
RECV 10983 24295 1817 1024 ACK
RECV 10983 25319 1961 1024 ACK
SEND 25319 0 2094 1024 
SEND 231 0 2094 1024 
SEND 743 0 2094 1024 
SEND 1255 0 2094 1024 
RECV 10983 231 2094 1024 ACK
RECV 10983 1255 2219 1024 ACK
SEND 1255 0 512 1168  DUP
SEND 1255 0 512 1024  DUP
RECV 10983 1767 512 1024 ACK
SEND 1767 0 1024 1024 
SEND 2279 0 1024 1024 
RECV 10983 2279 1024 1024 ACK
RECV 10983 2791 1280 1024 ACK
SEND 2791 0 1484 1024 
SEND 3303 0 1484 1024 
RECV 10983 3303 1484 1024 ACK
RECV 10983 3815 1660 1024 ACK
SEND 3815 0 1817 1024 
SEND 4327 0 1817 1024 
SEND 4839 0 1817 1024 
RECV 10983 4327 1817 1024 ACK
RECV 10983 4839 1961 1024 ACK
RECV 10983 5351 2094 1024 ACK
SEND 5351 0 2219 1024 
SEND 5863 0 2219 1024 
SEND 6375 0 2219 1024 
SEND 6887 0 2219 1024 
RECV 10983 5863 2219 1024 ACK
RECV 10983 5863 2337 1024 ACK
SEND 5863 0 512 1168  DUP
RECV 10983 6375 512 1168 ACK
SEND 6375 0 512 1024  DUP
RECV 10983 6887 512 1024 ACK
SEND 6887 0 512 1024  DUP
RECV 10983 7399 512 1024 ACK
SEND 7399 0 1024 1024 
SEND 7911 0 1024 1024 
RECV 10983 7911 1024 1024 ACK
RECV 10983 8423 1280 1024 ACK
SEND 8423 0 1484 1024 
SEND 8935 0 1484 1024 
RECV 10983 8935 1484 1024 ACK
RECV 10983 9447 1660 1024 ACK
SEND 9447 0 1817 1024 
SEND 9959 0 1817 1024 
SEND 10471 0 1817 1024 
RECV 10983 9959 1817 1024 ACK
RECV 10983 10471 1961 1024 ACK
SEND 10471 0 512 1047  DUP
RECV 10983 10983 512 1047 ACK
SEND 10983 0 1024 1047 
SEND 11495 0 1024 1047 
RECV 10983 11495 1024 1047 ACK
RECV 10983 12007 1536 1047 ACK
SEND 12007 0 1706 1047 
SEND 12519 0 1706 1047 
SEND 13031 0 1706 1047 
RECV 10983 12519 1706 1047 ACK
SEND 12519 0 512 1024  DUP
RECV 10983 13031 512 1024 ACK
SEND 13031 0 512 1024  DUP
RECV 10983 13543 512 1024 ACK
SEND 13543 0 1024 1024 
SEND 14055 0 1024 1024 
RECV 10983 14055 1024 1024 ACK
RECV 10983 14567 1280 1024 ACK
SEND 14567 0 1484 1024 
SEND 15079 0 1484 1024 
RECV 10983 15079 1484 1024 ACK
RECV 10983 15591 1660 1024 ACK
SEND 15591 0 1817 1024 
SEND 16103 0 1817 1024 
SEND 16615 0 1817 1024 
RECV 10983 16103 1817 1024 ACK
RECV 10983 16615 1961 1024 ACK
SEND 16615 0 512 1047  DUP
RECV 10983 17127 512 1047 ACK
SEND 17127 0 1024 1047 
SEND 17639 0 1024 1047 
RECV 10983 17639 1024 1047 ACK
RECV 10983 18151 1536 1047 ACK
SEND 18151 0 1706 1047 
SEND 18663 0 1706 1047 
SEND 19175 0 1706 1047 
RECV 10983 18663 1706 1047 ACK
RECV 10983 19175 1859 1047 ACK
SEND 19175 0 512 1024  DUP
SEND 19175 0 512 1024  DUP
RECV 10983 19687 512 1024 ACK
SEND 19687 0 1024 1024 
SEND 20199 0 1024 1024 
RECV 10983 20199 1024 1024 ACK
RECV 10983 20711 1280 1024 ACK
SEND 20711 0 1484 1024 
SEND 21223 0 1484 1024 
RECV 10983 21223 1484 1024 ACK
RECV 10983 21735 1660 1024 ACK
SEND 21735 0 1817 1024 
SEND 22247 0 1817 1024 
SEND 22759 0 1817 1024 
RECV 10983 22247 1817 1024 ACK
RECV 10983 22759 1961 1024 ACK
RECV 10983 23271 2094 1024 ACK
SEND 23271 0 2219 1024 
SEND 23783 0 2219 1024 
SEND 24295 0 2219 1024 
SEND 24807 0 2219 1024 
RECV 10983 23783 2219 1024 ACK
RECV 10983 24295 2337 1024 ACK
RECV 10983 25319 2449 1024 ACK
SEND 25319 0 2556 1024 
SEND 231 0 2556 1024 
SEND 743 0 2556 1024 
SEND 1255 0 2556 1024 
RECV 10983 231 2556 1024 ACK
RECV 10983 743 2658 1024 ACK
RECV 10983 1255 2756 1024 ACK
SEND 1255 0 512 1425  DUP
RECV 10983 1767 512 1425 ACK
SEND 1767 0 1024 1425 
SEND 2279 0 1024 1425 
RECV 10983 2279 1024 1425 ACK
RECV 10983 2791 1536 1425 ACK
SEND 2791 0 1706 1425 
SEND 3303 0 1706 1425 
SEND 3815 0 1706 1425 
RECV 10983 3303 1706 1425 ACK
RECV 10983 3303 1859 1425 ACK
SEND 3303 0 512 1024  DUP
RECV 10983 3815 512 1024 ACK
SEND 3815 0 512 1024  DUP
RECV 10983 4327 512 1024 ACK
SEND 4327 0 1024 1024 
SEND 4839 0 1024 1024 
RECV 10983 4839 1024 1024 ACK
RECV 10983 5351 1280 1024 ACK
SEND 5351 0 1484 1024 
SEND 5863 0 1484 1024 
RECV 10983 5863 1484 1024 ACK
RECV 10983 6375 1660 1024 ACK
SEND 6375 0 1817 1024 
SEND 6887 0 1817 1024 
SEND 7399 0 1817 1024 
RECV 10983 6887 1817 1024 ACK
RECV 10983 6887 1961 1024 ACK
SEND 6887 0 512 1024  DUP
RECV 10983 7399 512 1024 ACK
SEND 7399 0 512 1024  DUP
RECV 10983 7911 512 1024 ACK
SEND 7911 0 1024 1024 
SEND 8423 0 1024 1024 
RECV 10983 8423 1024 1024 ACK
RECV 10983 8935 1280 1024 ACK
SEND 8935 0 1484 1024 
SEND 9447 0 1484 1024 
RECV 10983 9447 1484 1024 ACK
RECV 10983 9959 1660 1024 ACK
SEND 9959 0 1817 1024 
SEND 10471 0 1817 1024 
SEND 10983 0 1817 1024 
RECV 10983 10471 1817 1024 ACK
RECV 10983 10983 1961 1024 ACK
RECV 10983 11495 2094 1024 ACK
SEND 11495 0 2219 1024 
SEND 12007 0 2219 1024 
SEND 12519 0 2219 1024 
SEND 13031 0 2219 1024 
RECV 10983 12007 2219 1024 ACK
RECV 10983 12519 2337 1024 ACK
SEND 12519 0 512 1224  DUP
RECV 10983 13031 512 1224 ACK
SEND 13031 0 512 1024  DUP
RECV 10983 13543 512 1024 ACK
SEND 13543 0 1024 1024 
SEND 14055 0 1024 1024 
RECV 10983 14055 1024 1024 ACK
SEND 14055 0 512 1024  DUP
RECV 10983 14567 512 1024 ACK
SEND 14567 0 1024 1024 
SEND 15079 0 1024 1024 
RECV 10983 15591 1024 1024 ACK
SEND 15591 0 1280 1024 
SEND 16103 0 1280 1024 
RECV 10983 16103 1280 1024 ACK
RECV 10983 16615 1484 1024 ACK
SEND 16615 0 1660 1024 
SEND 17127 0 1660 1024 
SEND 17639 0 1660 1024 
RECV 10983 17127 1660 1024 ACK
RECV 10983 17639 1817 1024 ACK
RECV 10983 18151 1961 1024 ACK
SEND 18151 0 2094 1024 
SEND 18663 0 2094 1024 
SEND 19175 0 2094 1024 
SEND 19687 0 2094 1024 
RECV 10983 18663 2094 1024 ACK
RECV 10983 19175 2219 1024 ACK
RECV 10983 19687 2337 1024 ACK
SEND 19687 0 512 1224  DUP
SEND 19687 0 512 1024  DUP
RECV 10983 20199 512 1024 ACK
SEND 20199 0 1024 1024 
SEND 20711 0 1024 1024 
RECV 10983 20711 1024 1024 ACK
RECV 10983 21223 1280 1024 ACK
SEND 21223 0 1484 1024 
SEND 21735 0 1484 1024 
RECV 10983 22247 1484 1024 ACK
SEND 22247 0 1660 1024 
SEND 22759 0 1660 1024 
SEND 23271 0 1660 1024 
RECV 10983 22247 1660 1024 ACK
SEND 22247 0 512 1024  DUP
SEND 22247 0 512 1024  DUP
RECV 10983 22759 512 1024 ACK
SEND 22759 0 512 1024  DUP
RECV 10983 23271 512 1024 ACK
SEND 23271 0 512 1024  DUP
RECV 10983 23783 512 1024 ACK
SEND 23783 0 1024 1024 
SEND 24295 0 1024 1024 
RECV 10983 24295 1024 1024 ACK
RECV 10983 24807 1280 1024 ACK
SEND 24807 0 1484 1024 
SEND 25319 0 1484 1024 
RECV 10983 231 1484 1024 ACK
SEND 231 0 1660 1024 
SEND 743 0 1660 1024 
SEND 1255 0 1660 1024 
RECV 10983 743 1660 1024 ACK
RECV 10983 1255 1817 1024 ACK
SEND 1255 0 512 1024  DUP
SEND 1255 0 512 1024  DUP
SEND 1255 0 512 1024  DUP
RECV 10983 1767 512 1024 ACK
SEND 1767 0 1024 1024 
SEND 2279 0 1024 1024 
RECV 10983 2279 1024 1024 ACK
RECV 10983 2791 1280 1024 ACK
SEND 2791 0 1484 1024 
SEND 3303 0 1484 1024 
RECV 10983 3303 1484 1024 ACK
RECV 10983 3815 1660 1024 ACK
SEND 3815 0 1817 1024 
SEND 4327 0 1817 1024 
SEND 4839 0 1817 1024 
RECV 10983 4327 1817 1024 ACK
RECV 10983 5351 1961 1024 ACK
SEND 5351 0 2094 1024 
SEND 5863 0 2094 1024 
SEND 6375 0 2094 1024 
SEND 6887 0 2094 1024 
RECV 10983 6375 2094 1024 ACK
RECV 10983 7399 2219 1024 ACK
SEND 7399 0 2337 1024 
SEND 7911 0 2337 1024 
SEND 8423 0 2337 1024 
RECV 10983 7911 2337 1024 ACK
RECV 10983 8423 2449 1024 ACK
RECV 10983 8583 2556 1024 ACK
SEND 8583 0 2658 1024 FIN
RECV 10983 8584 2658 1024 ACK
RECV 10983 0 2658 1024 FIN
SEND 8584 10984 2658 1024 ACK
