SEND 18297 0 512 5120 SYN
RECV 18297 18298 512 5120 ACK SYN
SEND 18298 18298 512 5120 ACK
RECV 18298 18810 512 5120 ACK
SEND 18810 0 1024 5120 
SEND 19322 0 1024 5120 
RECV 18298 19322 1024 5120 ACK
RECV 18298 19834 1536 5120 ACK
SEND 19834 0 2048 5120 
SEND 20346 0 2048 5120 
SEND 20858 0 2048 5120 
SEND 21370 0 2048 5120 
RECV 18298 20346 2048 5120 ACK
RECV 18298 20858 2560 5120 ACK
RECV 18298 21370 3072 5120 ACK
RECV 18298 21882 3584 5120 ACK
SEND 21882 0 4096 5120 
SEND 22394 0 4096 5120 
SEND 22906 0 4096 5120 
SEND 23418 0 4096 5120 
SEND 23930 0 4096 5120 
SEND 24442 0 4096 5120 
SEND 24954 0 4096 5120 
SEND 25466 0 4096 5120 
RECV 18298 22394 4096 5120 ACK
RECV 18298 22906 4608 5120 ACK
RECV 18298 23418 5120 5120 ACK
RECV 18298 23930 5171 5120 ACK
RECV 18298 24442 5221 5120 ACK
RECV 18298 24954 5271 5120 ACK
RECV 18298 25466 5320 5120 ACK
RECV 18298 378 5369 5120 ACK
SEND 378 0 5417 5120 
SEND 890 0 5417 5120 
SEND 1402 0 5417 5120 
SEND 1914 0 5417 5120 
SEND 2426 0 5417 5120 
SEND 2938 0 5417 5120 
SEND 3450 0 5417 5120 
SEND 3962 0 5417 5120 
SEND 4474 0 5417 5120 
SEND 4986 0 5417 5120 
RECV 18298 890 5417 5120 ACK
RECV 18298 1402 5465 5120 ACK
RECV 18298 1914 5512 5120 ACK
RECV 18298 2426 5559 5120 ACK
RECV 18298 2938 5606 5120 ACK
RECV 18298 3450 5652 5120 ACK
RECV 18298 3962 5698 5120 ACK
RECV 18298 4474 5744 5120 ACK
RECV 18298 4986 5789 5120 ACK
RECV 18298 5498 5834 5120 ACK
SEND 5498 0 5878 5120 
SEND 6010 0 5878 5120 
SEND 6522 0 5878 5120 
SEND 7034 0 5878 5120 
SEND 7546 0 5878 5120 
SEND 8058 0 5878 5120 
SEND 8570 0 5878 5120 
SEND 9082 0 5878 5120 
SEND 9594 0 5878 5120 
SEND 10106 0 5878 5120 
SEND 10618 0 5878 5120 
RECV 18298 6010 5878 5120 ACK
RECV 18298 6522 5922 5120 ACK
RECV 18298 7034 5966 5120 ACK
RECV 18298 7546 6009 5120 ACK
RECV 18298 8058 6052 5120 ACK
RECV 18298 8570 6095 5120 ACK
RECV 18298 9082 6138 5120 ACK
RECV 18298 9594 6180 5120 ACK
RECV 18298 10106 6222 5120 ACK
RECV 18298 10618 6264 5120 ACK
RECV 18298 11130 6305 5120 ACK
SEND 11130 0 6346 5120 
SEND 11642 0 6346 5120 
SEND 12154 0 6346 5120 
SEND 12666 0 6346 5120 
SEND 13178 0 6346 5120 
SEND 13690 0 6346 5120 
SEND 14202 0 6346 5120 
SEND 14714 0 6346 5120 
SEND 15226 0 6346 5120 
SEND 15738 0 6346 5120 
SEND 16250 0 6346 5120 
SEND 16762 0 6346 5120 
RECV 18298 11642 6346 5120 ACK
RECV 18298 12154 6387 5120 ACK
RECV 18298 12666 6428 5120 ACK
RECV 18298 13178 6468 5120 ACK
RECV 18298 13690 6508 5120 ACK
RECV 18298 14202 6548 5120 ACK
RECV 18298 14714 6588 5120 ACK
RECV 18298 15226 6627 5120 ACK
RECV 18298 15738 6666 5120 ACK
RECV 18298 16250 6705 5120 ACK
RECV 18298 16762 6744 5120 ACK
RECV 18298 17274 6782 5120 ACK
SEND 17274 0 6820 5120 
SEND 17786 0 6820 5120 
SEND 18298 0 6820 5120 
SEND 18810 0 6820 5120 
SEND 19322 0 6820 5120 
SEND 19834 0 6820 5120 
SEND 20346 0 6820 5120 
SEND 20858 0 6820 5120 
SEND 21370 0 6820 5120 
SEND 21882 0 6820 5120 
SEND 22394 0 6820 5120 
SEND 22906 0 6820 5120 
SEND 23418 0 6820 5120 
RECV 18298 17786 6820 5120 ACK
RECV 18298 18298 6858 5120 ACK
RECV 18298 18810 6896 5120 ACK
RECV 18298 19322 6934 5120 ACK
RECV 18298 19834 6971 5120 ACK
RECV 18298 20346 7008 5120 ACK
RECV 18298 20858 7045 5120 ACK
RECV 18298 21370 7082 5120 ACK
RECV 18298 21882 7119 5120 ACK
RECV 18298 22394 7155 5120 ACK
RECV 18298 22906 7191 5120 ACK
RECV 18298 23418 7227 5120 ACK
RECV 18298 23930 7263 5120 ACK
SEND 23930 0 7299 5120 
SEND 24442 0 7299 5120 
SEND 24954 0 7299 5120 
SEND 25466 0 7299 5120 
SEND 378 0 7299 5120 
SEND 890 0 7299 5120 
SEND 1402 0 7299 5120 
SEND 1914 0 7299 5120 
SEND 2426 0 7299 5120 
SEND 2938 0 7299 5120 
SEND 3450 0 7299 5120 
SEND 3962 0 7299 5120 
SEND 4474 0 7299 5120 
SEND 4986 0 7299 5120 
RECV 18298 24442 7299 5120 ACK
RECV 18298 24954 7334 5120 ACK
RECV 18298 25466 7369 5120 ACK
RECV 18298 378 7404 5120 ACK
RECV 18298 890 7439 5120 ACK
RECV 18298 1402 7474 5120 ACK
RECV 18298 1914 7509 5120 ACK
RECV 18298 2426 7543 5120 ACK
RECV 18298 2938 7577 5120 ACK
RECV 18298 3450 7611 5120 ACK
RECV 18298 3962 7645 5120 ACK
RECV 18298 4474 7679 5120 ACK
RECV 18298 4986 7713 5120 ACK
RECV 18298 5498 7746 5120 ACK
SEND 5498 0 7779 5120 
SEND 6010 0 7779 5120 
SEND 6522 0 7779 5120 
SEND 7034 0 7779 5120 
SEND 7546 0 7779 5120 
SEND 8058 0 7779 5120 
SEND 8570 0 7779 5120 
SEND 9082 0 7779 5120 
SEND 9594 0 7779 5120 
SEND 10106 0 7779 5120 
SEND 10618 0 7779 5120 
SEND 11130 0 7779 5120 
SEND 11642 0 7779 5120 
SEND 12154 0 7779 5120 
SEND 12666 0 7779 5120 
RECV 18298 6010 7779 5120 ACK
RECV 18298 6522 7812 5120 ACK
RECV 18298 7034 7845 5120 ACK
RECV 18298 7546 7878 5120 ACK
RECV 18298 8058 7911 5120 ACK
RECV 18298 8570 7944 5120 ACK
RECV 18298 9082 7976 5120 ACK
RECV 18298 9594 8008 5120 ACK
RECV 18298 10106 8040 5120 ACK
RECV 18298 10618 8072 5120 ACK
RECV 18298 11130 8104 5120 ACK
RECV 18298 11642 8136 5120 ACK
RECV 18298 12154 8168 5120 ACK
RECV 18298 12666 8200 5120 ACK
RECV 18298 13178 8231 5120 ACK
SEND 13178 0 8262 5120 
SEND 13690 0 8262 5120 
SEND 14202 0 8262 5120 
SEND 14714 0 8262 5120 
SEND 15226 0 8262 5120 
SEND 15738 0 8262 5120 
SEND 16250 0 8262 5120 
SEND 16762 0 8262 5120 
SEND 17274 0 8262 5120 
SEND 17786 0 8262 5120 
SEND 18298 0 8262 5120 
SEND 18810 0 8262 5120 
SEND 19322 0 8262 5120 
SEND 19834 0 8262 5120 
SEND 20346 0 8262 5120 
SEND 20858 0 8262 5120 
RECV 18298 13690 8262 5120 ACK
RECV 18298 14202 8293 5120 ACK
RECV 18298 14714 8324 5120 ACK
RECV 18298 15226 8355 5120 ACK
RECV 18298 15738 8386 5120 ACK
RECV 18298 16250 8417 5120 ACK
RECV 18298 16762 8448 5120 ACK
RECV 18298 17274 8479 5120 ACK
RECV 18298 17786 8509 5120 ACK
RECV 18298 18298 8539 5120 ACK
RECV 18298 18810 8569 5120 ACK
RECV 18298 19322 8599 5120 ACK
RECV 18298 19834 8629 5120 ACK
RECV 18298 20346 8659 5120 ACK
RECV 18298 20858 8689 5120 ACK
RECV 18298 21370 8719 5120 ACK
SEND 21370 0 8749 5120 
SEND 21882 0 8749 5120 
SEND 22394 0 8749 5120 
SEND 22906 0 8749 5120 
SEND 23418 0 8749 5120 
SEND 23930 0 8749 5120 
SEND 24442 0 8749 5120 
SEND 24954 0 8749 5120 
SEND 25466 0 8749 5120 
SEND 378 0 8749 5120 
SEND 890 0 8749 5120 
SEND 1402 0 8749 5120 
SEND 1914 0 8749 5120 
SEND 2426 0 8749 5120 
SEND 2938 0 8749 5120 
SEND 3450 0 8749 5120 
SEND 3962 0 8749 5120 
RECV 18298 21882 8749 5120 ACK
RECV 18298 22394 8778 5120 ACK
RECV 18298 22906 8807 5120 ACK
RECV 18298 23418 8836 5120 ACK
RECV 18298 23930 8865 5120 ACK
RECV 18298 24442 8894 5120 ACK
RECV 18298 24954 8923 5120 ACK
RECV 18298 25466 8952 5120 ACK
RECV 18298 378 8981 5120 ACK
RECV 18298 890 9010 5120 ACK
RECV 18298 1402 9039 5120 ACK
RECV 18298 1914 9068 5120 ACK
RECV 18298 2426 9096 5120 ACK
RECV 18298 2938 9124 5120 ACK
RECV 18298 3450 9152 5120 ACK
RECV 18298 3962 9180 5120 ACK
RECV 18298 4474 9208 5120 ACK
SEND 4474 0 9236 5120 
SEND 4986 0 9236 5120 
SEND 5498 0 9236 5120 
SEND 6010 0 9236 5120 
SEND 6522 0 9236 5120 
SEND 7034 0 9236 5120 
SEND 7546 0 9236 5120 
SEND 8058 0 9236 5120 
SEND 8570 0 9236 5120 
SEND 9082 0 9236 5120 
SEND 9594 0 9236 5120 
SEND 10106 0 9236 5120 
SEND 10618 0 9236 5120 
SEND 11130 0 9236 5120 
SEND 11642 0 9236 5120 
SEND 12154 0 9236 5120 
SEND 12666 0 9236 5120 
SEND 13178 0 9236 5120 
RECV 18298 4986 9236 5120 ACK
RECV 18298 5498 9264 5120 ACK
RECV 18298 6010 9292 5120 ACK
RECV 18298 6522 9320 5120 ACK
RECV 18298 7034 9348 5120 ACK
RECV 18298 7546 9376 5120 ACK
RECV 18298 8058 9403 5120 ACK
RECV 18298 8570 9430 5120 ACK
RECV 18298 9082 9457 5120 ACK
RECV 18298 9594 9484 5120 ACK
RECV 18298 10106 9511 5120 ACK
RECV 18298 10618 9538 5120 ACK
RECV 18298 11130 9565 5120 ACK
RECV 18298 11642 9592 5120 ACK
RECV 18298 12154 9619 5120 ACK
RECV 18298 12666 9646 5120 ACK
RECV 18298 13178 9673 5120 ACK
RECV 18298 13690 9700 5120 ACK
SEND 13690 0 9727 5120 
SEND 14202 0 9727 5120 
SEND 14714 0 9727 5120 
SEND 15226 0 9727 5120 
SEND 15738 0 9727 5120 
SEND 16250 0 9727 5120 
SEND 16762 0 9727 5120 
SEND 17274 0 9727 5120 
SEND 17786 0 9727 5120 
SEND 18298 0 9727 5120 
SEND 18810 0 9727 5120 
SEND 19322 0 9727 5120 
SEND 19834 0 9727 5120 
SEND 20346 0 9727 5120 
SEND 20858 0 9727 5120 
SEND 21370 0 9727 5120 
SEND 21882 0 9727 5120 
SEND 22394 0 9727 5120 
RECV 18298 14202 9727 5120 ACK
RECV 18298 14714 9753 5120 ACK
RECV 18298 15226 9779 5120 ACK
RECV 18298 15738 9805 5120 ACK
RECV 18298 16250 9831 5120 ACK
RECV 18298 16762 9857 5120 ACK
RECV 18298 17274 9883 5120 ACK
RECV 18298 17786 9909 5120 ACK
RECV 18298 18298 9935 5120 ACK
RECV 18298 18810 9961 5120 ACK
RECV 18298 19322 9987 5120 ACK
RECV 18298 19834 10013 5120 ACK
RECV 18298 20346 10039 5120 ACK
RECV 18298 20858 10065 5120 ACK
RECV 18298 21370 10091 5120 ACK
RECV 18298 21882 10116 5120 ACK
RECV 18298 22394 10141 5120 ACK
RECV 18298 22906 10166 5120 ACK
SEND 22906 0 10191 5120 
SEND 23418 0 10191 5120 
SEND 23930 0 10191 5120 
SEND 24442 0 10191 5120 
SEND 24954 0 10191 5120 
SEND 25466 0 10191 5120 
SEND 378 0 10191 5120 
SEND 890 0 10191 5120 
SEND 1402 0 10191 5120 
SEND 1914 0 10191 5120 
SEND 2426 0 10191 5120 
SEND 2938 0 10191 5120 
SEND 3450 0 10191 5120 
SEND 3962 0 10191 5120 
SEND 4474 0 10191 5120 
SEND 4986 0 10191 5120 
SEND 5498 0 10191 5120 
SEND 6010 0 10191 5120 
SEND 6522 0 10191 5120 
RECV 18298 23418 10191 5120 ACK
RECV 18298 23930 10216 5120 ACK
RECV 18298 24442 10240 5120 ACK
RECV 18298 24954 10240 5120 ACK
RECV 18298 25466 10240 5120 ACK
RECV 18298 378 10240 5120 ACK
RECV 18298 890 10240 5120 ACK
RECV 18298 1402 10240 5120 ACK
RECV 18298 1914 10240 5120 ACK
RECV 18298 2426 10240 5120 ACK
RECV 18298 2938 10240 5120 ACK
RECV 18298 3450 10240 5120 ACK
RECV 18298 3962 10240 5120 ACK
RECV 18298 4474 10240 5120 ACK
RECV 18298 4986 10240 5120 ACK
RECV 18298 5498 10240 5120 ACK
RECV 18298 6010 10240 5120 ACK
RECV 18298 6522 10240 5120 ACK
RECV 18298 7034 10240 5120 ACK
SEND 7034 0 10240 5120 
SEND 7546 0 10240 5120 
SEND 8058 0 10240 5120 
SEND 8570 0 10240 5120 
SEND 9082 0 10240 5120 
SEND 9594 0 10240 5120 
SEND 10106 0 10240 5120 
SEND 10618 0 10240 5120 
SEND 11130 0 10240 5120 
SEND 11642 0 10240 5120 
SEND 12154 0 10240 5120 
SEND 12666 0 10240 5120 
SEND 13178 0 10240 5120 
SEND 13690 0 10240 5120 
SEND 14202 0 10240 5120 
SEND 14714 0 10240 5120 
SEND 15226 0 10240 5120 
SEND 15738 0 10240 5120 
RECV 18298 7546 10240 5120 ACK
RECV 18298 8058 10240 5120 ACK
RECV 18298 8570 10240 5120 ACK
RECV 18298 9082 10240 5120 ACK
RECV 18298 9594 10240 5120 ACK
RECV 18298 10106 10240 5120 ACK
RECV 18298 10618 10240 5120 ACK
RECV 18298 11130 10240 5120 ACK
RECV 18298 11642 10240 5120 ACK
RECV 18298 12154 10240 5120 ACK
RECV 18298 12666 10240 5120 ACK
RECV 18298 13178 10240 5120 ACK
RECV 18298 13690 10240 5120 ACK
RECV 18298 14202 10240 5120 ACK
RECV 18298 14714 10240 5120 ACK
RECV 18298 15226 10240 5120 ACK
RECV 18298 15738 10240 5120 ACK
RECV 18298 15898 10240 5120 ACK
SEND 15898 0 10240 5120 FIN
RECV 18298 15899 10240 5120 ACK
RECV 18298 0 10240 5120 FIN
SEND 15899 18299 10240 5120 ACK
